radon <-
structure(list(measurement = c(80L, 83L, 83L, 85L, 75L, 75L, 
79L, 79L, 74L, 73L, 76L, 77L, 67L, 72L, 74L, 74L, 62L, 62L, 67L, 
69L, 60L, 61L, 64L, 66L), diameter = c(0.37, 0.37, 0.37, 0.37, 
0.51, 0.51, 0.51, 0.51, 0.71, 0.71, 0.71, 0.71, 1.02, 1.02, 1.02, 
1.02, 1.4, 1.4, 1.4, 1.4, 1.99, 1.99, 1.99, 1.99), time = c(1L, 
2L, 3L, 4L, 1L, 2L, 3L, 4L, 1L, 2L, 3L, 4L, 1L, 2L, 3L, 4L, 1L, 
2L, 3L, 4L, 1L, 2L, 3L, 4L)), .Names = c("measurement", "diameter", 
"time"), class = "data.frame", row.names = c(NA, -24L))
