mousetumours <-
structure(list(mouse = c(8L, 8L, 8L, 8L, 8L, 8L, 10L, 10L, 10L, 
10L, 10L, 10L, 11L, 11L, 11L, 11L, 11L, 11L), time = c(11L, 13L, 
15L, 19L, 21L, 23L, 11L, 13L, 15L, 19L, 21L, 23L, 11L, 13L, 16L, 
19L, 21L, 23L), volume = c(0.07, 0.18, 0.27, 0.61, 1.29, 1.6, 
0.7, 0.27, 0.52, 0.8, 1.15, 1.77, 0.14, 0.22, 0.52, 1.02, 1.77, 
2.35)), .Names = c("mouse", "time", "volume"), class = "data.frame", row.names = c(NA, 
-18L))
